0.19434070587158203
0.19533824920654297
0.21073293685913086
0.12993502616882324
0.17457365989685059
0.1705789566040039
0.09363603591918945
0.14123296737670898
0.1724853515625
0.14121079444885254
0.1564922332763672
0.1564922332763672
0.16582441329956055
0.10477089881896973
0.12773942947387695
0.1123666763305664
0.10821795463562012
0.1436164379119873
0.15956950187683105
0.25331783294677734
0.20644164085388184
0.14775919914245605
0.22545218467712402
0.21181535720825195
0.16266465187072754
0.1405775547027588
0.16041851043701172
0.16353201866149902
0.18593788146972656
0.18593788146972656
0.22043204307556152
0.1715705394744873
0.19826245307922363
0.14829754829406738
0.11531901359558105
0.16490983963012695
0.10352921485900879
0.19249582290649414
0.1717832088470459
0.20818686485290527
0.10690712928771973
0.14670228958129883
0.12313437461853027
0.1445927619934082
0.16238689422607422
0.1851520538330078
0.1618044376373291
0.16550612449645996
0.1541903018951416
0.18886590003967285
0.13628864288330078
0.16328978538513184
0.1416323184967041
0.11348605155944824
0.1600484848022461
0.2002406120300293
0.20859813690185547
0.2655980587005615
0.17132806777954102
0.14030051231384277
0.14691901206970215
0.1647205352783203
0.18140435218811035
0.19928622245788574
0.2180798053741455
0.2579314708709717
0.13200712203979492
0.13124823570251465
0.18780231475830078
0.19317150115966797
0.17150187492370605
0.16950035095214844
0.19769001007080078
0.15449070930480957
0.1439375877380371
0.22876405715942383
0.21174025535583496
0.209730863571167
0.14592266082763672
0.12437248229980469
0.18922185897827148
0.21326327323913574
0.19341683387756348
0.2315049171447754
0.1494274139404297
0.13302350044250488
0.15603899955749512
0.301743745803833
0.30023741722106934
0.267681360244751
0.11316537857055664
0.14648795127868652
0.16007208824157715
0.2186141014099121
0.2621035575866699
0.2621035575866699
0.207838773727417
0.16869497299194336
0.16353893280029297
0.2671072483062744
0.24361896514892578
0.24361896514892578
0.24569082260131836
0.19597506523132324
0.1651597023010254
0.2509903907775879
0.31415820121765137
0.31520843505859375
0.2623255252838135
0.2443535327911377
0.16718149185180664
0.16475272178649902
0.19867300987243652
0.19867300987243652
0.40856504440307617
0.5089700222015381
0.41097354888916016
0.4046950340270996
0.49599456787109375
0.4929959774017334
0.42453575134277344
0.5271451473236084
0.5361912250518799
0.29286670684814453
0.41080403327941895
0.4188251495361328
0.280803918838501
0.5025417804718018
0.6130867004394531
0.3233790397644043
0.4716453552246094
0.46330857276916504
0.24471807479858398
0.24206924438476562
0.43845200538635254
0.4324767589569092
0.3930797576904297
0.38121795654296875
0.2668793201446533
0.23154187202453613
0.5452511310577393
0.5385572910308838
0.47849273681640625
0.4722318649291992
0.3176138401031494
0.270737886428833
0.47308850288391113
0.47308850288391113
0.4721357822418213
0.4721357822418213
0.30004382133483887
0.28442883491516113
0.47931623458862305
0.4736342430114746
0.4984266757965088
0.5007162094116211
0.336899995803833
0.31553125381469727
0.321730375289917
0.39679574966430664
0.5224473476409912
0.5306472778320312
0.3305778503417969
0.3150818347930908
0.5330460071563721
0.4517955780029297
0.508624792098999
0.5374965667724609
0.42426347732543945
0.45052552223205566
0.6115062236785889
0.6366534233093262
0.4788844585418701
0.5009112358093262
0.5480506420135498
0.30237627029418945
0.47709012031555176
0.47251391410827637
0.4078042507171631
0.3430061340332031
0.2994236946105957
0.33039140701293945
0.33920717239379883
0.3477039337158203
0.3111913204193115
0.4476349353790283
0.48075270652770996
0.4271214008331299
0.6178531646728516
0.6608295440673828
0.565927267074585
0.5501344203948975
0.7139160633087158
0.7139160633087158
0.45503854751586914
0.59283447265625
0.6236083507537842
0.5130860805511475
0.6905429363250732
0.6969377994537354
0.4631648063659668
0.6571342945098877
0.676361083984375
0.6897335052490234
0.708998441696167
0.24695205688476562
0.22949695587158203
0.4006354808807373
0.4006354808807373
0.39662885665893555
0.4001133441925049
0.2467179298400879
0.4146842956542969
0.6280252933502197
0.6794626712799072
0.6839568614959717
0.3563568592071533
0.3974905014038086
0.6940577030181885
0.695063591003418
0.8089423179626465
0.841588020324707
0.5505282878875732
0.44584155082702637
0.7398149967193604
0.7413268089294434
1.1397080421447754
1.1108789443969727
1.3062233924865723
0.818549394607544
0.8000171184539795
0.818505048751831
0.825078010559082
1.048243522644043
1.0840418338775635
1.0909156799316406
0.6956841945648193
0.6895935535430908
0.7720832824707031
0.7166104316711426
0.8987362384796143
0.7294690608978271
0.7863390445709229
0.5519156455993652
0.5087518692016602
0.6577975749969482
0.6577975749969482
0.7400267124176025
0.7938148975372314
0.6528055667877197
0.5413291454315186
0.6813626289367676
0.7251691818237305
0.5634028911590576
0.5923864841461182
0.5729928016662598
0.5027449131011963
0.565009593963623
0.5639581680297852
0.6766757965087891
0.8556253910064697
0.856541633605957
1.0056650638580322
1.0186448097229004
0.9570319652557373
0.9570319652557373
0.9712316989898682
0.973954439163208
0.8884322643280029
0.8884322643280029
0.9997155666351318
1.008246660232544
1.1382200717926025
1.131284475326538
0.8460054397583008
0.9281203746795654
1.2493579387664795
1.2792034149169922
1.4339540004730225
1.6209399700164795
1.4245271682739258
1.349449872970581
0.9530789852142334
1.0745444297790527
0.8031179904937744
0.6925606727600098
1.0368034839630127
1.0443012714385986
1.0691750049591064
0.948448657989502
1.1825895309448242
1.1283888816833496
0.9564714431762695
1.0166642665863037
1.0578620433807373
1.0615341663360596
1.3383641242980957
1.3663609027862549
1.392463207244873
1.439610481262207
1.2472963333129883
1.2397589683532715
1.514164686203003
1.570788860321045
1.5342025756835938
1.477565050125122
1.2421588897705078
1.253054141998291
0.9485089778900146
0.9417679309844971
1.1606366634368896
1.2904818058013916
1.499063491821289
1.5115280151367188
1.200340986251831
1.198282241821289
0.9937705993652344
0.8927342891693115
1.16599440574646
1.1576337814331055
1.2280020713806152
1.4931838512420654
1.4151890277862549
1.5195651054382324
1.5294671058654785
1.724029541015625
1.8071582317352295
1.2860968112945557
1.4165167808532715
1.2220172882080078
1.2474124431610107
0.8894329071044922
1.0188872814178467
0.9610133171081543
0.9285190105438232
0.933098554611206
0.484072208404541
0.4829063415527344
0.6759791374206543
0.7322397232055664
0.6712286472320557
0.6944329738616943
0.6818618774414062
0.5886585712432861
0.6695647239685059
0.7217738628387451
0.871589183807373
0.8927605152130127
0.9622049331665039
0.9124186038970947
0.9676039218902588
0.9635026454925537
0.8680531978607178
1.0672130584716797
1.170027256011963
1.1144599914550781
0.9112646579742432
0.91874098777771
0.948599100112915
0.779829740524292
0.8259618282318115
0.854722261428833
0.854722261428833
0.8956122398376465
0.8374459743499756
0.9854178428649902
0.9859499931335449
0.8983826637268066
0.8983826637268066
0.7748100757598877
0.8227362632751465
0.9609024524688721
1.0108461380004883
1.0659866333007812
1.0659866333007812
0.7563738822937012
0.7502853870391846
0.7363491058349609
0.8104312419891357
0.8600473403930664
0.8600473403930664
0.8801479339599609
0.8575923442840576
0.8248612880706787
0.9108462333679199
0.9128818511962891
0.9164161682128906
0.7932357788085938
0.8916869163513184
0.8202638626098633
0.8202638626098633
0.9927821159362793
1.2223196029663086
1.3716225624084473
1.4468770027160645
1.1994409561157227
1.1999773979187012
0.6850929260253906
0.6656861305236816
1.1577730178833008
1.322343349456787
1.2520720958709717
1.649904727935791
1.3470473289489746
1.5739037990570068
0.8576228618621826
0.8631899356842041
0.8345866203308105
0.8139193058013916
1.2137503623962402
1.2514081001281738
1.3604602813720703
1.2509551048278809
1.7109785079956055
1.3386929035186768
1.179305076599121
1.1318697929382324
0.911644697189331
0.8637151718139648
0.8726177215576172
0.8821847438812256
1.386831521987915
1.4113645553588867
1.19523024559021
1.2364161014556885
1.694133996963501
1.8008499145507812
2.025623321533203
2.572679042816162
2.6573495864868164
2.6185672283172607
1.962836503982544
1.860715627670288
1.2476673126220703
1.436377763748169
1.9451849460601807
1.989640235900879
1.8462350368499756
2.5953385829925537
2.4681053161621094
2.21087646484375
2.28932523727417
2.337738275527954
1.0294992923736572
1.6992933750152588
1.7860260009765625
1.692781925201416
2.058098316192627
2.058610200881958
1.2099711894989014
1.2627899646759033
1.6904947757720947
1.539259910583496
2.6828622817993164
3.0189640522003174
3.0183277130126953
2.3429319858551025
2.505234718322754
2.326032876968384
1.6152722835540771
2.2455222606658936
2.672163724899292
2.2420780658721924
2.438689947128296
2.521240234375
1.4909143447875977
1.0972423553466797
1.1718614101409912
1.380676031112671
1.5878009796142578
1.928091049194336
2.2289175987243652
1.9164280891418457
2.3760411739349365
1.793691873550415
1.930999755859375
1.982909917831421
2.30269455909729
2.1953868865966797
2.249981641769409
2.5912530422210693
2.096658945083618
1.8055698871612549
2.1235404014587402
2.2119743824005127
2.0708045959472656
1.9714815616607666
2.2104034423828125
2.333815813064575
1.1486961841583252
0.9361522197723389
1.257972002029419
1.1376514434814453
1.2551801204681396
1.2640984058380127
1.9300463199615479
1.9300463199615479
2.307856798171997
2.2485835552215576
2.6193556785583496
2.7428789138793945
2.5940277576446533
2.5967726707458496
2.6583521366119385
2.608156204223633
2.4447035789489746
2.5929224491119385
2.788916826248169
2.7984440326690674
2.7654645442962646
2.769313335418701
2.2294716835021973
2.4606540203094482
2.7810027599334717
2.7836804389953613
2.696575880050659
2.9122655391693115
2.942650318145752
2.947770357131958
2.4959640502929688
2.7831883430480957
2.2884490489959717
2.518327474594116
2.3114161491394043
2.303079128265381
2.2612247467041016
2.634917736053467
2.2419114112854004
2.3374056816101074
2.650364398956299
2.7338101863861084
2.6582977771759033
2.859484910964966
2.7169198989868164
2.6152005195617676
2.8438265323638916
3.1835546493530273
3.0867502689361572
2.9473912715911865
3.0491249561309814
3.0474634170532227
2.6652262210845947
3.0571632385253906
3.0404911041259766
2.874640941619873
2.8951494693756104
2.831505537033081
3.1662492752075195
2.5571842193603516
2.8253285884857178
2.7980544567108154
2.7867674827575684
2.961127281188965
2.6375956535339355
2.7022032737731934
2.9938409328460693
2.9370391368865967
3.2249035835266113
2.9245755672454834
3.0717949867248535
2.9913856983184814
3.1510677337646484
3.0961430072784424
3.048797845840454
3.3138680458068848
3.1579203605651855
3.374443292617798
3.521829843521118
3.518765449523926
3.2630810737609863
3.4160358905792236
3.4406685829162598
3.2002460956573486
3.3228251934051514
3.6063036918640137
3.8154587745666504
3.2667031288146973
3.426729917526245
3.1859312057495117
3.1562020778656006
3.4393889904022217
3.6123850345611572
3.9194867610931396
3.5972554683685303
4.236190319061279
4.0750226974487305
3.8477416038513184
4.032806873321533
4.09940242767334
3.852956771850586
3.8878555297851562
3.233555316925049
3.0128867626190186
2.449410915374756
2.8964247703552246
2.916048765182495
3.9799091815948486
5.674008846282959
5.721773147583008
4.419167757034302
4.26509690284729
3.7495899200439453
2.60309100151062
2.841895818710327
5.4355223178863525
5.7803709506988525
5.584604024887085
6.046747207641602
5.764022588729858
2.8233375549316406
1.6588895320892334
2.6549782752990723
3.539546012878418
5.49920654296875
5.524287223815918
5.321634531021118
5.43075704574585
4.919809103012085
3.4464046955108643
4.8255040645599365
5.077199935913086
5.612476348876953
5.154552221298218
4.944105863571167
4.956400156021118
1.789794921875
3.2770731449127197
4.522812128067017
5.058098554611206
4.495114088058472
5.0990917682647705
3.4268991947174072
2.516753911972046
2.330005407333374
3.0842244625091553
6.21665620803833
6.291435241699219
6.835469961166382
6.213093996047974
6.079913377761841
3.70600962638855
2.580030918121338
4.65911340713501
5.608423471450806
5.517260551452637
5.8796727657318115
6.261297941207886
4.7556397914886475
3.6368045806884766
3.8533480167388916
5.5941481590271
5.983677625656128
6.195279359817505
6.007164716720581
5.642484664916992
4.997572898864746
3.5724332332611084
3.571678400039673
4.6392810344696045
5.13501501083374
5.8314454555511475
5.467337369918823
5.519286870956421
5.058309555053711
4.1482994556427
4.556642293930054
4.652644395828247
4.667868614196777
4.720227003097534
4.9349377155303955
5.007624626159668
4.004837512969971
5.879607439041138
5.671601295471191
5.841333866119385
6.0368921756744385
5.90672755241394
5.767314195632935
4.639195203781128
4.559041738510132
4.258084535598755
4.756793022155762
4.802513599395752
5.078195571899414
4.885268449783325
5.645597696304321
5.4462995529174805
5.569779396057129
4.902003526687622
4.915938854217529
5.046435117721558
5.446948528289795
6.080514192581177
6.246072769165039
6.522454500198364
6.216600656509399
5.949180603027344
5.773362159729004
6.308122873306274
6.2972412109375
6.717310905456543
6.9384765625
6.0938801765441895
5.680669069290161
4.125246047973633
4.89306640625
6.584230899810791
6.689459800720215
7.884057521820068
7.554870843887329
7.43392276763916
6.093909502029419
4.8274548053741455
4.5743818283081055
5.192615032196045
5.9819746017456055
7.0320916175842285
7.509290933609009
6.548403739929199
6.270248651504517
5.87965989112854
5.903295040130615
6.115177869796753
6.826009750366211
7.440660715103149
7.414884090423584
6.52470850944519
5.979076862335205
6.001673460006714
5.816226243972778
6.624180555343628
6.701012849807739
7.8062169551849365
7.30484938621521
7.644191265106201
7.39019775390625
6.938321590423584
8.134796142578125
7.609004020690918
7.516063690185547
8.162829160690308
8.59286117553711
7.669241666793823
7.907260417938232
7.580413341522217
7.319126129150391
7.028958559036255
6.518631458282471
6.5132434368133545
7.087458372116089
6.947521924972534
7.3541929721832275
7.508795738220215
7.14337944984436
7.356323957443237
7.424947023391724
7.633217096328735
7.53632664680481
7.948328256607056
7.811455011367798
7.941385746002197
7.547025203704834
7.480382680892944
7.485193729400635
7.79377293586731
8.24784779548645
8.183173179626465
8.24657678604126
7.934004545211792
7.727369546890259
7.642168760299683
7.564310789108276
7.4334471225738525
7.77060341835022
8.092814922332764
8.385934829711914
8.12263298034668
7.727737903594971
7.895777702331543
7.7525646686553955
8.516709089279175
8.720433473587036
8.923511028289795
8.790534019470215
8.783260345458984
8.908904314041138
8.38748288154602
9.296041488647461
9.731125354766846
9.491096019744873
10.041361331939697
10.152493238449097
9.922175407409668
10.769394159317017
10.700942277908325
10.830321073532104
10.446715354919434
11.003684282302856
10.437408685684204
10.316985845565796
10.255769729614258
9.41783881187439
9.362074136734009
9.737793207168579
9.777952194213867
9.951526641845703
10.064631462097168
10.316645860671997
10.471880674362183
10.303056955337524
9.970263719558716
9.67249584197998
10.096776247024536
9.373000144958496
9.714935302734375
9.953958988189697
10.165799379348755
9.810686349868774
10.549225568771362
11.092562675476074
11.132508277893066
10.840584993362427
11.178341627120972
10.082513332366943
9.326644659042358
10.093392610549927
9.935473442077637
9.873938798904419
10.082136631011963
10.18207859992981
10.319346904754639
10.547212839126587
10.422175168991089
11.046932935714722
11.699559926986694
12.224955797195435
11.844864845275879
12.072930574417114
13.293804407119751
11.731718063354492
11.28699517250061
11.728391170501709
11.461207389831543
10.241000652313232
9.852277517318726
11.239093780517578
11.611485004425049
12.475098848342896
12.465951442718506
12.251710414886475
12.22947096824646
11.38085412979126
10.795254707336426
9.174185276031494
8.335731506347656
7.983579397201538
8.061938047409058
9.252552032470703
10.437959671020508
12.029273748397827
11.455275058746338
11.890582799911499
10.675174713134766
10.001211643218994
9.365405321121216
9.944257020950317
10.100841999053955
10.19650673866272
9.1502366065979
7.7331719398498535
4.685087442398071
6.832823276519775
9.199058771133423
10.611904859542847
10.776295900344849
10.74025297164917
11.230361461639404
8.011456727981567
8.255037307739258
8.611246585845947
8.79893946647644
9.247350692749023
9.953713655471802
9.896993398666382
10.324816465377808
11.324793577194214
12.773193120956421
13.106938362121582
13.348988056182861
12.882267236709595
12.73608922958374
12.798094987869263
13.643024921417236
13.166726112365723
13.844606399536133
13.824764490127563
13.314375400543213
13.05228042602539
13.421998739242554
13.889795064926147
14.188165664672852
13.84077787399292
13.259039878845215
13.508413791656494
13.492006778717041
14.066752195358276
13.649195909500122
13.885823488235474
13.479547500610352
13.2924325466156
13.605970621109009
14.484341621398926
14.182557821273804
14.95064377784729
14.087581396102905
13.956680297851562
14.282634973526001
14.743341445922852
14.744243144989014
14.444390535354614
14.270779371261597
13.384276390075684
13.768644571304321
14.299419164657593
15.02040958404541
14.661809921264648
14.868274927139282
14.575793981552124
14.094935178756714
14.30289602279663
14.511771440505981
14.374816179275513
15.361374378204346
14.358683824539185
14.246705293655396
14.551006317138672
14.803950548171997
15.753019332885742
15.643363952636719
14.833519697189331
14.070362567901611
14.520797967910767
14.877863645553589
15.6876802444458
15.518882036209106
15.70777702331543
15.523494005203247
15.122985124588013
15.219767093658447
15.119852066040039
14.82725977897644
14.530570030212402
13.840435028076172
13.070134162902832
13.23055100440979
13.832641363143921
14.237587690353394
15.304478406906128
14.856021642684937
13.635468006134033
13.103853702545166
13.205118656158447
12.786852598190308
13.393787384033203
14.28486680984497
13.33251667022705
13.067014694213867
13.005394697189331
14.497633457183838
13.501433849334717
13.354074954986572
13.760666131973267
13.401605606079102
13.27202033996582
13.29445505142212
13.60810661315918
13.514893293380737
14.598673820495605
13.402737855911255
13.581066131591797
13.55437684059143
14.720573425292969
13.935938835144043
13.487007141113281
13.355965375900269
12.998121976852417
13.21729063987732
13.425448417663574
14.258666753768921
13.634426593780518
13.637616634368896
13.539758205413818
13.467587232589722
14.308998823165894
14.30208945274353
14.221257448196411
14.460819959640503
13.756428956985474
13.689033269882202
13.974224090576172
14.267129898071289
14.961560487747192
14.769442319869995
14.370603084564209
14.556272506713867
13.794763565063477
14.189881324768066
14.266488313674927
14.512121200561523
14.035326719284058
14.492431879043579
15.254943609237671
15.34973669052124
14.932009935379028
15.21999740600586
14.97506332397461
14.19298005104065
14.30377745628357
14.570415735244751
15.000144958496094
15.375405073165894
15.668080806732178
14.955063104629517
14.431328773498535
14.537658214569092
14.759549617767334
15.032374620437622
15.54055142402649
14.522255182266235
15.160144567489624
14.985275983810425
15.87197494506836
15.508190393447876
15.779397964477539
15.9172945022583
15.611736059188843
16.08810830116272
16.90604281425476
16.779922246932983
16.69095468521118
16.037890672683716
15.87860655784607
15.311242580413818
